kinematics:
  shoulder:
    x: 0
    y: 0
    z: 0.1622941944267612
    roll: -0
    pitch: 0
    yaw: -9.166623546330577e-08
  upper_arm:
    x: 0.000133164687681487
    y: 0
    z: 0
    roll: 1.569662548516828
    pitch: 0
    yaw: -2.972625229708519e-06
  forearm:
    x: -0.4249665425554909
    y: 0
    z: 0
    roll: 0.0001231020501009658
    pitch: 0.002385294701654733
    yaw: -9.173590804151437e-07
  wrist_1:
    x: -0.3921790502310991
    y: 0.0004691268757467336
    z: 0.1335185495621609
    roll: 3.138079097257626
    pitch: -3.139224979327115
    yaw: 3.141584694388724
  wrist_2:
    x: -5.947745257460622e-05
    y: -0.09945980587028924
    z: 9.779861198631349e-05
    roll: 1.569813029274749
    pitch: 0
    yaw: 6.116759601916545e-07
  wrist_3:
    x: 0.0001031788963342828
    y: 0.09943999479058367
    z: 0.0001584558240926815
    roll: 1.572389807268326
    pitch: 3.141592653589793
    yaw: 3.141592626928348
  hash: calib_10921388720633806739